custom: 0.36351691787885   [0.4641617231700259 0.6688519321564582 0.24734896480177126 0.4372219692659944 0.0 ]
accuracy: 0.9627677633749914   [0.9910194880744619 0.9713849398247464 0.8997927498818311 0.9618950659928008 0.9897465731011162 ]
f1: 0.42916037645688004   [0.8056648308418567 0.5673446948873007 0.2638888888888889 0.5089034676663543 0.0 ]
0 HTTPorFTPandExeCount1 1 HTTPorFTPandExeCount2 2 HTTPorFTPandExeCount4 3 HTTPorFTPandExeCount8 4 HTTPorFTPandExeCount16 5 HTTPorFTPandExeCount32 6 HTTPorFTPandExeCount60 7 HTTPandMalformedCount1 8 HTTPandMalformedCount2 9 HTTPandMalformedCount4 10 HTTPandMalformedCount8 11 HTTPandMalformedCount16 12 HTTPandMalformedCount32 13 HTTPandMalformedCount60 14 SYNBoolean1 15 SYNBoolean2 16 SYNBoolean4 17 SYNBoolean8 18 SYNBoolean16 19 SYNBoolean32 20 SYNBoolean60 21 ECHOBoolean1 22 ECHOBoolean2 23 ECHOBoolean4 24 ECHOBoolean8 25 ECHOBoolean16 26 ECHOBoolean32 27 ECHOBoolean60 28 ECHOCount1 29 ECHOCount2 30 ECHOCount4 31 ECHOCount8 32 ECHOCount16 33 ECHOCount32 34 ECHOCount60 35 UDPCount1 36 UDPCount2 37 UDPCount4 38 UDPCount8 39 UDPCount16 40 UDPCount32 41 UDPCount60 42 TCPCount1 43 TCPCount2 44 TCPCount4 45 TCPCount8 46 TCPCount16 47 TCPCount32 48 TCPCount60 49 CCodeCount1 50 CCodeCount2 51 CCodeCount4 52 CCodeCount8 53 CCodeCount16 54 CCodeCount32 55 CCodeCount60 56 EXECodeCount1 57 EXECodeCount2 58 EXECodeCount4 59 EXECodeCount8 60 EXECodeCount16 61 EXECodeCount32 62 EXECodeCount60 63 FTPandCcodeCount1 64 FTPandCcodeCount2 65 FTPandCcodeCount4 66 FTPandCcodeCount8 67 FTPandCcodeCount16 68 FTPandCcodeCount32 69 FTPandCcodeCount60 70 TelnetCount1 71 TelnetCount2 72 TelnetCount4 73 TelnetCount8 74 TelnetCount16 75 TelnetCount32 76 TelnetCount60 77 ThirdMomentNumberOfPackets1 78 ThirdMomentNumberOfPackets2 79 ThirdMomentNumberOfPackets4 80 ThirdMomentNumberOfPackets8 81 ThirdMomentNumberOfPackets16 82 ThirdMomentNumberOfPackets32 83 ThirdMomentNumberOfPackets60 84 ThirdMomentPacketSize1 85 ThirdMomentPacketSize2 86 ThirdMomentPacketSize4 87 ThirdMomentPacketSize8 88 ThirdMomentPacketSize16 

